[[0.02900513 0.10485817 0.0189172  0.03721691 0.03553807 0.04540571
  0.04054026 0.03142751 0.03802205 0.04737291 0.03735742 0.04617571
  0.04504537 0.03630833 0.03214922 0.04576809 0.03009612 0.02972055
  0.04109957 0.03762121 0.02534612 0.03589006 0.03655426 0.03809978
  0.05446427]
 [0.03371864 0.07376102 0.03255043 0.03968529 0.03761422 0.04802226
  0.04134564 0.03310054 0.03776442 0.05359318 0.03574292 0.04927718
  0.04543485 0.03519416 0.03937469 0.03208647 0.03053788 0.03389869
  0.04050232 0.03536687 0.03212772 0.04184384 0.03644386 0.03788628
  0.04312659]
 [0.03507941 0.15744089 0.02616969 0.02849024 0.03828554 0.04440631
  0.05145083 0.02374118 0.03698253 0.03523904 0.03241921 0.04719491
  0.03995088 0.03506144 0.04007663 0.02934017 0.03156112 0.03145391
  0.03467921 0.02535327 0.02256914 0.02781971 0.02548802 0.03285579
  0.06689094]
 [0.03372161 0.08439521 0.0289013  0.04076211 0.03650614 0.05089137
  0.03374405 0.04437228 0.03895336 0.05374929 0.03740871 0.04490269
  0.04559904 0.02854626 0.03117101 0.03326504 0.02982679 0.03199616
  0.0395859  0.02939419 0.02762785 0.04320026 0.04013652 0.04495482
  0.04638802]
 [0.02926653 0.24708247 0.         0.02734006 0.03898028 0.03827675
  0.08777084 0.         0.0423913  0.0383439  0.02220213 0.04523094
  0.05577661 0.04846299 0.         0.02791958 0.         0.02541763
  0.03712561 0.02293024 0.02168907 0.01740101 0.03307582 0.
  0.0933162 ]
 [0.029925   0.20497677 0.         0.02398588 0.03220888 0.03252695
  0.08346679 0.01035944 0.03922718 0.02866674 0.03422621 0.03407473
  0.03592969 0.03183847 0.02384912 0.02781185 0.04592736 0.04671792
  0.03090115 0.0223245  0.01321638 0.01738103 0.02445605 0.027792
  0.09820986]
 [0.03334145 0.12808916 0.0167826  0.03656108 0.03405709 0.0379472
  0.05089486 0.02370403 0.0318248  0.03878355 0.03259754 0.0418744
  0.04873329 0.04059746 0.04309903 0.0293893  0.03169436 0.04251581
  0.03647418 0.02938977 0.02605443 0.02558089 0.03959654 0.03090884
  0.06950831]
 [0.03093497 0.06281067 0.04603253 0.03931557 0.0433754  0.04624838
  0.04940653 0.03764849 0.04165215 0.05599385 0.03610231 0.03991234
  0.0440371  0.03005461 0.03021684 0.03320304 0.03827928 0.03343385
  0.03905055 0.03715051 0.03372669 0.03598797 0.03964458 0.03446046
  0.04132135]
 [0.02725543 0.10402164 0.03387656 0.03820056 0.04408296 0.0424456
  0.04272338 0.03363778 0.03688686 0.0500395  0.03885584 0.04751011
  0.04281425 0.03273204 0.02841813 0.03399113 0.03231791 0.02896029
  0.04179978 0.03131918 0.02726615 0.03499264 0.03622282 0.03890293
  0.05072653]]